14
6,15,17,20,32,44,50,58,59,61
3,4
36,57
12,23,31,42,46,48,54,64,71,76
0,2,10,19,21,38,49,67,70
5,43
22,28,30,33,34,39,45,52,53,63,66,69,72
1,7,8,9,11,14,16,18,26,27,37,47,55,56,73
74
24,25,29,40,41,68,75
51,60,65
35
62
13
NtQueryAttributesFile,NtOpenKey,GetCursorPos,CreateThread,LoadStringW,NtCreateSection,DrawTextExW,LdrGetProcedureAddress,GetFileAttributesW,SetErrorMode,RegQueryValueExW,NtMapViewOfSection,LoadResource,LdrGetDllHandle,NtUnmapViewOfSection,LdrUnloadDll,DeviceIoControl,GetDiskFreeSpaceExW,RegCloseKey,RegEnumKeyW,NtOpenMutant,GetComputerNameW,NtDuplicateObject,NtOpenProcess,RegOpenKeyExW,NtQueryInformationFile,NtQueryDirectoryFile,NtAllocateVirtualMemory
bind,getaddrinfo,getsockname,GetSystemMetrics,setsockopt,RegQueryInfoKeyA,shutdown,NtFreeVirtualMemory,closesocket,socket
HttpOpenRequestA,InternetSetOptionA,DeleteFileW,InternetCrackUrlA,InternetOpenA,RegQueryValueExW,RegEnumKeyExW,OpenServiceA,LdrGetDllHandle,NtUnmapViewOfSection,LdrUnloadDll,InternetCloseHandle,RegSetValueExA,RegCloseKey,NtOpenThread,InternetConnectA,NtDelayExecution,InternetQueryOptionA,OpenSCManagerA,RegCreateKeyExW,RegOpenKeyExW,NtReadFile,FindResourceExA,NtFreeVirtualMemory,HttpSendRequestA,HttpQueryInfoA,RemoveDirectoryA,FindFirstFileExW
GetSystemDirectoryW,NtOpenKey,GetCursorPos,LoadStringW,SendNotifyMessageW,CreateActCtxW,NtClose,CoInitializeEx,LoadResource,LdrGetDllHandle,CoCreateInstance,NtOpenSection,NtOpenThread,NtEnumerateKey,EnumWindows,NtCreateFile,NtOpenProcess,NtOpenKeyEx,NtCreateMutant,GetFileSizeEx,NtQueryValueKey,NtFreeVirtualMemory,SizeofResource,NtQueryKey,FindResourceW,FindWindowW
NtQueryAttributesFile,HttpOpenRequestW,DrawTextExW,InternetSetOptionA,InternetOpenW,CreateProcessInternalW,LoadResource,InternetCrackUrlW,OpenServiceA,GetSystemMetrics,InternetCloseHandle,InternetConnectW,RegSetValueExA,NtOpenThread,ReadProcessMemory,NtDelayExecution,InternetQueryOptionA,OpenSCManagerA,RegCreateKeyExW,NtReadFile,HttpSendRequestW,HttpQueryInfoA,OleInitialize,FindFirstFileExW
GetAdaptersAddresses,NtDeviceIoControlFile,DeleteFileW,RegQueryValueExA,RegEnumKeyExW,LdrUnloadDll,ioctlsocket,RegCreateKeyExW,RegOpenKeyExA,NtQueryKey
NtQueryAttributesFile,NtOpenKey,LoadStringW,GetAdaptersAddresses,NtDeviceIoControlFile,NtClose,NtCreateSection,DrawTextExW,GetSystemWindowsDirectoryW,GetFileAttributesW,SetErrorMode,RegQueryValueExW,RegQueryValueExA,SetFilePointer,GetVolumePathNamesForVolumeNameW,CoInitializeEx,NtMapViewOfSection,GetSystemTimeAsFileTime,GetSystemMetrics,CoCreateInstance,NtUnmapViewOfSection,LdrUnloadDll,NtOpenSection,RegCloseKey,RegEnumKeyW,NtCreateFile,NtDuplicateObject,NtOpenProcess,GetVolumeNameForVolumeMountPointW,SetFileAttributesW,RegOpenKeyExW,NtQueryInformationFile,CoUninitialize,NtQueryDirectoryFile,NtCreateMutant,__exception__,GetFileSizeEx,NtReadFile,RegOpenKeyExA,NtQueryValueKey,NtFreeVirtualMemory,NtOpenFile,NtQueryKey,NtAllocateVirtualMemory,FindFirstFileExW,GetFileInformationByHandleEx,GetSystemDirectoryW,CreateThread,CreateDirectoryW,CreateActCtxW,NtWriteFile,__anomaly__,GlobalMemoryStatusEx,SetFilePointerEx,GetTempPathW,RegCreateKeyExW,GetFileSize,GetForegroundWindow,OleInitialize,GetTimeZoneInformation
NtCreateFile,CoUninitialize,GetFileSizeEx
GetSystemDirectoryW,NtOpenKey,CreateThread,LoadStringW,CreateDirectoryW,NtDeviceIoControlFile,CreateActCtxW,NtWriteFile,NtClose,NtCreateSection,GetSystemWindowsDirectoryW,GetFileAttributesW,SetErrorMode,RegQueryValueExW,GetNativeSystemInfo,GlobalMemoryStatusEx,SetFilePointerEx,SetFilePointer,GetVolumePathNamesForVolumeNameW,CoInitializeEx,LoadStringA,NtMapViewOfSection,LoadResource,GetSystemTimeAsFileTime,LdrLoadDll,CoCreateInstance,NtUnmapViewOfSection,NtOpenSection,RegCloseKey,RegEnumKeyW,NtCreateFile,NtDuplicateObject,NtOpenProcess,GetVolumeNameForVolumeMountPointW,RegCreateKeyExW,SetFileAttributesW,RegOpenKeyExW,NtQueryInformationFile,CoUninitialize,GetFileSize,NtQueryDirectoryFile,NtCreateMutant,GetFileSizeEx,NtReadFile,GetForegroundWindow,NtOpenFile,FindFirstFileExW,GetFileInformationByHandleEx
NtQueryAttributesFile,NtGetContextThread,GetSystemDirectoryW,NtOpenKey,LoadStringW,GetAdaptersAddresses,NtDeviceIoControlFile,NtWriteFile,NtClose,NtCreateSection,LdrGetProcedureAddress,GetSystemWindowsDirectoryW,GetFileAttributesW,SetErrorMode,NtSetContextThread,RegQueryValueExW,GlobalMemoryStatusEx,SetFilePointerEx,RegQueryValueExA,SetFilePointer,NtMapViewOfSection,CreateProcessInternalW,NtEnumerateValueKey,GetSystemTimeAsFileTime,NtProtectVirtualMemory,LdrGetDllHandle,GetSystemMetrics,NtUnmapViewOfSection,NtOpenDirectoryObject,RegSetValueExA,RegCloseKey,RegEnumKeyW,NtCreateFile,GetFileType,NtDuplicateObject,MessageBoxTimeoutW,NtOpenProcess,NtOpenKeyEx,SearchPathW,WriteProcessMemory,RegCreateKeyExW,SetFileAttributesW,RegOpenKeyExW,NtQueryInformationFile,CoUninitialize,GetFileSize,NtQueryDirectoryFile,NtReadFile,GetForegroundWindow,RegOpenKeyExA,NtQueryValueKey,NtFreeVirtualMemory,NtAllocateVirtualMemory,FindFirstFileExW,GetTimeZoneInformation
NtQueryAttributesFile,CreateDirectoryW,GetAdaptersAddresses,NtDeviceIoControlFile,NtWriteFile,NtClose,DeleteFileW,GetFileAttributesW,RegQueryValueExA,RegEnumKeyExW,LdrGetDllHandle,LdrUnloadDll,ioctlsocket,RegCreateKeyExW,SetFileAttributesW,CoUninitialize,NtReadFile,RegOpenKeyExA,NtQueryValueKey,NtQueryKey,FindFirstFileExW
NtGetContextThread,NtOpenKey,CreateThread,LoadStringW,CreateDirectoryW,NtDeviceIoControlFile,NtWriteFile,NtClose,NtCreateSection,LdrGetProcedureAddress,GetSystemWindowsDirectoryW,NtCreateKey,GetFileAttributesW,NtSetContextThread,RegQueryValueExW,GlobalMemoryStatusEx,SetFilePointerEx,RegQueryValueExA,SetFilePointer,GetVolumePathNamesForVolumeNameW,CoInitializeEx,LoadStringA,NtMapViewOfSection,CreateProcessInternalW,GetSystemTimeAsFileTime,LdrGetDllHandle,CoCreateInstance,NtUnmapViewOfSection,NtOpenSection,NtOpenDirectoryObject,RegCloseKey,RegEnumKeyW,NtCreateFile,NtDuplicateObject,NtOpenProcess,GetVolumeNameForVolumeMountPointW,WriteProcessMemory,RegCreateKeyExW,SetFileAttributesW,RegOpenKeyExW,NtQueryInformationFile,CoUninitialize,GetFileSize,NtQueryDirectoryFile,GetFileSizeEx,NtReadFile,GetForegroundWindow,NtOpenFile,FindFirstFileExW,GetTimeZoneInformation,GetFileInformationByHandleEx
NtQueryAttributesFile,NtOpenKey,LoadStringW,GetAdaptersAddresses,NtDeviceIoControlFile,NtClose,NtCreateSection,LdrGetProcedureAddress,GetSystemWindowsDirectoryW,GetFileAttributesW,RegQueryValueExW,RegQueryValueExA,SetFilePointer,GetVolumePathNamesForVolumeNameW,CoInitializeEx,NtMapViewOfSection,LoadResource,GetSystemTimeAsFileTime,NtProtectVirtualMemory,LdrGetDllHandle,LdrLoadDll,GetSystemMetrics,CoCreateInstance,NtOpenSection,RegCloseKey,RegEnumKeyW,NtCreateFile,GetFileType,NtDuplicateObject,NtOpenProcess,GetVolumeNameForVolumeMountPointW,NtDelayExecution,SetFileAttributesW,RegOpenKeyExW,NtQueryInformationFile,CoUninitialize,NtQueryDirectoryFile,NtCreateMutant,GetFileSizeEx,NtReadFile,RegOpenKeyExA,NtQueryValueKey,NtFreeVirtualMemory,SizeofResource,NtOpenFile,NtQueryKey,NtAllocateVirtualMemory,FindResourceW,FindFirstFileExW,GetTimeZoneInformation,GetFileInformationByHandleEx,GetSystemDirectoryW,CreateThread,CreateDirectoryW,CreateActCtxW,NtWriteFile,GlobalMemoryStatusEx,SetFilePointerEx,NtUnmapViewOfSection,LdrUnloadDll,MessageBoxTimeoutW,RegCreateKeyExW,GetFileSize,GetForegroundWindow
NtQueryAttributesFile,NtCreateThreadEx,CryptHashData,bind,GetFileVersionInfoSizeW,GetSystemDirectoryW,NtOpenKey,GlobalMemoryStatus,GetCursorPos,CreateThread,getaddrinfo,HttpOpenRequestW,ShellExecuteExW,GetSystemDirectoryA,LoadStringW,GetAdaptersAddresses,NtDeviceIoControlFile,CreateActCtxW,HttpOpenRequestA,InternetReadFile,NtWriteFile,SetFileInformationByHandle,NtClose,NtCreateSection,GetSystemWindowsDirectoryA,DrawTextExW,LdrGetProcedureAddress,connect,RegEnumValueA,GetSystemWindowsDirectoryW,GetKeyboardState,InternetGetConnectedState,InternetSetOptionA,GetFileAttributesW,RegEnumValueW,AssignProcessToJobObject,SetErrorMode,PRF,InternetCrackUrlA,GetBestInterfaceEx,InternetOpenA,OpenServiceW,getsockname,SetFilePointerEx,WSAStartup,RegQueryValueExA,GetAddrInfoW,CertControlStore,InternetOpenW,GetKeyState,RegDeleteKeyW,NtMapViewOfSection,CreateProcessInternalW,NtResumeThread,LoadResource,GetSystemTimeAsFileTime,InternetCrackUrlW,NtProtectVirtualMemory,RegEnumKeyExW,OpenServiceA,LdrGetDllHandle,SetFileTime,LdrLoadDll,GetSystemMetrics,CoCreateInstance,CryptCreateHash,NtUnmapViewOfSection,LdrUnloadDll,InternetCloseHandle,NtOpenSection,GetFileVersionInfoW,RegDeleteValueA,select,GetTempPathW,UuidCreate,InternetConnectW,RegSetValueExA,RegCloseKey,NtOpenThread,DecryptMessage,EnumWindows,ioctlsocket,NtOpenMutant,InternetSetStatusCallback,ReadProcessMemory,CryptDecodeObjectEx,FindWindowExW,InternetConnectA,GetFileType,SetEndOfFile,setsockopt,NtDuplicateObject,NtOpenProcess,RegSetValueExW,SetInformationJobObject,NtDelayExecution,NtOpenKeyEx,EncryptMessage,InternetQueryOptionA,GetSystemInfo,SearchPathW,OpenSCManagerA,RegCreateKeyExW,SetFileAttributesW,RegOpenKeyExW,WSASend,WSASocketW,NtQueryInformationFile,RegQueryInfoKeyW,CryptAcquireContextA,CreateJobObjectW,GetFileAttributesExW,NtQueryDirectoryFile,CertOpenStore,NtSetInformationFile,GetFileSizeEx,OpenSCManagerW,send,RegOpenKeyExA,FindResourceExA,NtFreeVirtualMemory,HttpSendRequestA,GetVolumePathNameW,SizeofResource,NtOpenFile,HttpSendRequestW,HttpQueryInfoA,recv,FindResourceW,OleInitialize,RegCreateKeyExA,RemoveDirectoryA,FindWindowW,FindFirstFileExW,GetTimeZoneInformation,SetUnhandledExceptionFilter,WSARecv,FindResourceA
1.0,0.99,0.992,0.991,0.856,0.092,0.355,0.342,0.084,0.154,0.103,0.033,0.042,-0.006
0.99,1.0,0.995,0.994,0.88,0.104,0.399,0.386,0.123,0.182,0.133,0.049,0.059,-0.007
0.992,0.995,1.0,0.999,0.865,0.102,0.394,0.384,0.129,0.127,0.069,0.036,0.014,-0.007
0.991,0.994,0.999,1.0,0.864,0.103,0.397,0.387,0.123,0.131,0.071,0.027,0.012,-0.007
0.856,0.88,0.865,0.864,1.0,0.167,0.583,0.577,0.251,0.378,0.371,0.047,0.156,0.004
0.092,0.104,0.102,0.103,0.167,1.0,0.309,0.305,0.182,0.085,0.085,0.011,-0.005,0.954
0.355,0.399,0.394,0.397,0.583,0.309,1.0,0.993,0.568,0.205,0.236,0.056,-0.012,0.014
0.342,0.386,0.384,0.387,0.577,0.305,0.993,1.0,0.632,0.232,0.246,0.052,-0.009,0.011
0.084,0.123,0.129,0.123,0.251,0.182,0.568,0.632,1.0,0.11,0.106,0.0,0.035,-0.006
0.154,0.182,0.127,0.131,0.378,0.085,0.205,0.232,0.11,1.0,0.871,0.0,0.51,0.029
0.103,0.133,0.069,0.071,0.371,0.085,0.236,0.246,0.106,0.871,1.0,0.006,0.475,0.016
0.033,0.049,0.036,0.027,0.047,0.011,0.056,0.052,0.0,0.0,0.006,1.0,0.001,-0.005
0.042,0.059,0.014,0.012,0.156,-0.005,-0.012,-0.009,0.035,0.51,0.475,0.001,1.0,-0.005
-0.006,-0.007,-0.007,-0.007,0.004,0.954,0.014,0.011,-0.006,0.029,0.016,-0.005,-0.005,1.0